25_1985
================================================================================
2013 [-190.   70. -110.  120.  430.]
2014 [ 510.  360. -570.  220.  920.]
2015 [ 640. 1060.  -20.  610.  560.]
2016 [ 400.  170.  400. -210. -360.]
2017 [ 510. -460.  -30.  560.  520.]
2018 [ 670.  580.  460. -100.  590.]
2019 [-140. -150. -570. -190. -770.]
26_1985
================================================================================
2013 [ 390. -170.   40.   80.  280.]
2014 [-170. 1030.  490.  -10.  210.]
2015 [880. 960. -10. 580. 560.]
2016 [ 320.  150.  250. -110. -180.]
2017 [530. 170. 110. 520. 630.]
2018 [490. 520. 400. 100.  90.]
2019 [ -40.   90. -920. -430. -830.]
27_1985
================================================================================
2013 [ -80. -300. -130. -150.  540.]
2014 [ -40. 1360. -420.  430.  740.]
2015 [ 580.  830. -100.  450.  140.]
2016 [ 250.  200.   10. -400.  190.]
2017 [ 290. -290. -110.  750.  760.]
2018 [ 500.  290.  520. -210.  480.]
2019 [  30.  -60. -590. -290. -590.]
28_1985
================================================================================
2013 [ 390.  -70.  -90. -340.  120.]
2014 [ 170.  440.   70.  460. 1080.]
2015 [200. 560. -40. 170. 680.]
2016 [ 280.  350.  -30.  -90. -130.]
2017 [510. 110.  30. 720. 600.]
2018 [ 500.  770.  -10. -500.  460.]
2019 [ -90. -150. -740. -780. -860.]
29_1985
================================================================================
2013 [ 170.  -50.  350. -260.  450.]
2014 [1030.  330.   20.  450.  980.]
2015 [ 540.  410. -240.  210.  600.]
2016 [ 360.  -20.  -80. -350. -110.]
2017 [ 150. -220. -130.  810.  350.]
2018 [ 370.  310.  180. -160.  380.]
2019 [-400. -270. -660. -200. -850.]
30_1985
================================================================================
2013 [ -10.   90.  150. -160.  870.]
2014 [ 10. 830.  60. -30. 450.]
2015 [280. 580. -20. 120. 490.]
2016 [ 260.  250.  270. -420.  200.]
2017 [ 490. -250. -290.  460.  450.]
2018 [ 160.  220.  230. -230.  290.]
2019 [ -30.  110. -440. -390. -820.]
31_1985
================================================================================
2013 [-240.  130. -330.  330.  790.]
2014 [ -30. -170. -690. -570.  140.]
2015 [-380. -180. -810. -430. -460.]
2016 [ 150.   40.  300. -430. -620.]
2017 [ 380. -160. -200.  880.  220.]
2018 [ 730.  830. -130.  280.  830.]
2019 [   30.   280.   -20.  -890. -1510.]
28_2002
================================================================================
2013 [ 250. -100.  -30.  -70.  310.]
2014 [ 860. 1110.  540.  750. 1040.]
2015 [170. 610. 210. 470. 850.]
2016 [390. 200. 100. -10. 140.]
2017 [1040.  210.  260.  980. 1140.]
2018 [ -40.  150.   60. -340.  120.]
2019 [ -310.    40. -1060.  -700. -1000.]
29_2002
================================================================================
2013 [ 170.  350.  100. -210.  770.]
2014 [-230. 1100.  380.  990.  870.]
2015 [600. 480. -70. 380. 440.]
2016 [ 150.  -30.  170. -400. -100.]
2017 [ 790.  280. -100.  890.  670.]
2018 [130.  70. 230.  70. 510.]
2019 [ -30. -150. -620. -520. -960.]
30_2002
================================================================================
2013 [ 280. -190.  -10. -290.  260.]
2014 [ 320.  300. -210.  350. 1280.]
2015 [ 670.  660. -130.  320.  800.]
2016 [ 130.  200.  370. -120. -360.]
2017 [ 970.  120.  280. 1200. 1210.]
2018 [-120.  170.   50.  -90.  180.]
2019 [ -40. -370. -890. -740. -750.]
25_1985
================================================================================
26_1985
================================================================================
27_1985
================================================================================
28_1985
================================================================================
29_1985
================================================================================
30_1985
================================================================================
31_1985
================================================================================
28_2002
================================================================================
29_2002
================================================================================
30_2002
================================================================================
25\_1985 & 100.31942857142855 & 60.03024814140257 & 25\\ \hline
26\_1985 & 94.44457142857142 & 60.02510893937364 & 24\\ \hline
27\_1985 & 69.02914285714286 & 59.087213918520995 & 22\\ \hline
28\_1985 & 71.08971428571428 & 47.55523027866801 & 23\\ \hline
29\_1985 & 47.68571428571428 & 60.49523077845703 & 20\\ \hline
30\_1985 & 56.756571428571434 & 50.37560885012119 & 22\\ \hline
31\_1985 & 80.15542857142857 & 67.24442510175327 & 22\\ \hline
28\_2002 & 76.73714285714286 & 62.71189634237784 & 23\\ \hline
29\_2002 & 67.45085714285715 & 53.24535462424139 & 21\\ \hline
30\_2002 & 75.31485714285715 & 61.00823664431696 & 21\\ \hline
[[ 63.54285714 229.75714286  65.97142857 219.45714286  94.81428571  77.7         83.35714286  63.54285714 175.02857143 105.75714286  59.02857143 104.95714286 101.         212.58571429  97.84285714  87.71428571   3.78571429  99.21428571 150.91428571  16.15714286 157.2         75.61428571  31.32857143 112.64285714  19.07142857]
 [ 45.95714286 257.14285714  82.38571429 147.58571429  76.7         49.55714286  48.18571429 148.38571429 149.21428571  33.14285714  11.57142857  63.07142857 125.24285714 129.68571429 102.11428571 121.94285714  80.64285714  23.42857143 133.94285714  97.2        166.05714286 123.25714286  64.21428571 123.12857143 -42.64285714]
 [ 81.04285714 178.48571429 -23.04285714  67.4         33.44285714  27.21428571  74.91428571 117.15714286   5.3        139.07142857 -67.75714286  98.95714286 108.85714286 123.47142857 103.17142857 166.78571429  58.68571429  78.57142857  74.55714286  50.5        102.21428571  70.01428571  64.4         46.9        -54.58571429]
 [ 30.74285714 138.17142857  48.72857143  20.47142857  94.05714286  89.25714286 101.6         62.42857143 116.05714286 102.48571429 -18.9         80.92857143 133.05714286  58.81428571  67.74285714 137.68571429  48.3         37.82857143  12.77142857  52.52857143 148.35714286 147.21428571  22.48571429  50.21428571  -5.78571429]
 [-40.44285714 202.37142857 -51.84285714  67.           2.58571429 104.04285714  68.54285714  53.84285714  78.05714286 124.22857143  -4.68571429 104.07142857  94.71428571  90.48571429  44.02857143  77.21428571   5.9         31.41428571 -47.51428571  17.2         44.71428571  86.01428571  26.98571429  73.38571429 -60.17142857]
 [ 48.6         79.1         50.85714286  83.21428571  27.97142857  47.31428571  93.25714286  58.54285714  51.57142857  58.77142857 -67.71428571  45.17142857 118.61428571 177.8         87.65714286   2.41428571  38.2        -23.25714286  22.22857143  34.77142857 104.81428571  92.34285714 118.8         83.71428571 -15.84285714]
 [ 73.65714286 228.12857143 -10.82857143 114.98571429  19.4         66.15714286  46.57142857  74.41428571 161.81428571 115.68571429 -55.62857143  74.05714286  56.88571429 133.22857143 124.77142857 145.8         20.52857143  44.91428571  66.78571429 -27.75714286 180.3        128.5         68.65714286 151.78571429   1.07142857]
 [ 11.71428571 195.14285714  50.81428571  19.72857143  90.1         57.05714286  66.12857143  59.95714286 171.31428571 112.91428571 -28.7         45.34285714 109.1         42.15714286 111.7        188.17142857  44.78571429  59.42857143  82.22857143 147.28571429 121.6        101.55714286  75.98571429  73.45714286 -90.54285714]
 [ 43.65714286 173.82857143  32.72857143 101.17142857 131.32857143  78.         137.11428571  60.35714286 136.78571429 103.52857143 -33.82857143  82.6         88.41428571  69.44285714 140.05714286  46.18571429 -13.41428571  13.7         18.91428571  -4.12857143  90.92857143  80.57142857  64.5        -16.85714286  60.68571429]
 [-36.55714286 228.5         72.82857143 115.38571429 113.82857143  24.35714286  -3.5         78.47142857 133.1         67.3         -6.48571429 101.24285714 126.11428571 127.92857143 148.17142857  73.25714286  11.47142857  27.75714286  99.18571429 106.67142857 113.9         20.04285714  99.54285714  68.27142857 -27.91428571]]
MEANS [100.31942857  94.44457143  69.02914286  71.08971429  47.68571429  56.75657143  80.15542857  76.73714286  67.45085714  75.31485714]
S [61.27 61.26 60.31 48.54 61.74 51.41 68.63 64.01 54.34 62.27]
Kruskal-Wallis H-test
p: 0.14677985491635498
------------------------------------------------------------------------------------------------------------------------
Pairwise Mann-Whitney U tests
25_1985 & 0.992255 & 0.922715 & 0.180637 & 0.099098 & 0.006997 & 0.013007 & 0.382593 & 0.268743 & 0.084194 & 0.437682
26_1985 & 0.922715 & 0.992255 & 0.214317 & 0.162412 & 0.009863 & 0.023199 & 0.449223 & 0.277231 & 0.151056 & 0.260434
27_1985 & 0.180637 & 0.214317 & 0.992255 & 0.830991 & 0.187037 & 0.341737 & 0.756222 & 0.81589 & 0.830991 & 0.741514
28_1985 & 0.099098 & 0.162412 & 0.830991 & 0.992255 & 0.193604 & 0.351679 & 0.613928 & 0.655405 & 0.830991 & 0.830991
29_1985 & 0.006997 & 0.009863 & 0.187037 & 0.193604 & 0.992255 & 0.573651 & 0.111602 & 0.111602 & 0.252305 & 0.087738
30_1985 & 0.013007 & 0.023199 & 0.341737 & 0.351679 & 0.573651 & 0.992255 & 0.236582 & 0.214317 & 0.509448 & 0.244355
31_1985 & 0.382593 & 0.449223 & 0.756222 & 0.613928 & 0.111602 & 0.236582 & 0.992255 & 0.800858 & 0.547515 & 0.771019
28_2002 & 0.268743 & 0.277231 & 0.81589 & 0.655405 & 0.111602 & 0.214317 & 0.800858 & 0.992255 & 0.641453 & 0.922715
29_2002 & 0.084194 & 0.151056 & 0.830991 & 0.830991 & 0.252305 & 0.509448 & 0.547515 & 0.641453 & 0.992255 & 0.613928
30_2002 & 0.437682 & 0.260434 & 0.741514 & 0.830991 & 0.087738 & 0.244355 & 0.771019 & 0.922715 & 0.613928 & 0.992255
------------------------------------------------------------------------------------------------------------------------
MCB intervals:
s_v 59.659175619901575
[(-34.791875822904494, 46.54159010861874),
 (-46.54159010861874, 34.791875822904494),
 (-71.9570186800473, 9.37644725147593),
 (-69.89644725147588, 11.437018680047352),
 (-93.30044725147587, -11.966981319952644),
 (-84.22959010861874, -2.896124177095494),
 (-60.83073296576159, 20.502732965761645),
 (-64.2490186800473, 17.08444725147593),
 (-73.53530439433302, 7.798161537190218),
 (-65.67130439433302, 15.662161537190222)]
------------------------------------------------------------------------------------------------------------------------
